0.250000 0.125000 65.064840 0.001989 0.000087 0.500000 0.0000000000038920 0.000000 
0.750000 0.125000 65.064840 0.001989 0.000087 0.500000 0.0000000000039305 0.000000 
1.250000 0.125000 65.064840 0.001989 0.000087 0.500000 0.0000000000041515 0.000000 
1.750000 0.125000 65.064840 0.001989 0.000087 0.500000 0.0000000000024825 0.000000 
2.250000 0.125000 65.064840 0.001989 0.000087 0.500000 0.0000000000018442 0.000000 
2.750000 0.125000 65.064840 0.001989 0.000087 0.500000 0.0000000000018923 0.000000 
3.250000 0.125000 65.064840 0.001989 0.000087 0.500000 0.0000000000020470 0.000000 
3.750000 0.125000 65.064840 0.001989 0.000087 0.500000 0.0000000000017620 0.000000 
4.250000 0.125000 65.064840 0.001989 0.000087 0.500000 0.0000000000012793 0.000000 
4.750000 0.125000 65.064840 0.001989 0.000087 0.500000 0.0000000000012921 0.000000 
5.250000 0.125000 65.064840 0.001989 0.000087 0.500000 0.0000000000015752 0.000000 
5.750000 0.125000 65.064840 0.001989 0.000087 0.500000 0.0000000000017354 0.000000 
6.250000 0.125000 65.064840 0.001989 0.000087 0.500000 0.0000000000014620 0.000000 
6.750000 0.125000 65.064840 0.001989 0.000087 0.500000 0.0000000000017165 0.000000 
7.250000 0.125000 65.064840 0.001989 0.000087 0.500000 0.0000000000018514 0.000000 
7.750000 0.125000 65.064840 0.001989 0.000087 0.500000 0.0000000000019776 0.000000 
8.250000 0.125000 65.064840 0.001989 0.000087 0.500000 0.0000000000037980 0.000000 
8.750000 0.125000 65.064840 0.001989 0.000087 0.500000 0.0000000000037952 0.000000 
9.250000 0.125000 65.064840 0.001989 0.000087 0.500000 0.0000000000026641 0.000000 
9.750000 0.125000 65.064840 0.001989 0.000087 0.500000 0.0000000000024055 0.000000 
10.250000 0.125000 65.064840 0.001989 0.000087 0.500000 0.0000000000020350 0.000000 
10.750000 0.125000 65.064840 0.001989 0.000087 0.500000 0.0000000000022853 0.000000 
11.250000 0.125000 65.064840 0.001989 0.000087 0.500000 0.0000000000020689 0.000000 
11.750000 0.125000 65.064840 0.001989 0.000087 0.500000 0.0000000000023037 0.000000 
12.250000 0.125000 65.064840 0.001989 0.000087 0.500000 0.0000000000031440 0.000000 
12.750000 0.125000 65.064840 0.001989 0.000087 0.500000 0.0000000000034118 0.000000 
13.250000 0.125000 65.064840 0.001989 0.000087 0.500000 0.0000000000031030 0.000000 
13.750000 0.125000 65.064840 0.001989 0.000087 0.500000 0.0000000000026048 0.000000 
14.250000 0.125000 65.064840 0.001989 0.000087 0.500000 0.0000000000045457 0.000000 
14.750000 0.125000 65.064840 0.001989 0.000087 0.500000 0.0000000000058474 0.000000 
15.250000 0.125000 65.064840 0.001989 0.000087 0.500000 0.0000000000064177 0.000000 
15.750000 0.125000 65.064840 0.001989 0.000087 0.500000 0.0000000000091735 0.000000 
16.250000 0.125000 65.064840 0.001989 0.000087 0.500000 0.0000000000151088 0.000000 
16.750000 0.125000 65.064840 0.001989 0.000087 0.500000 0.0000000000175910 0.000000 
17.250000 0.125000 65.064840 0.001989 0.000087 0.500000 0.0000000000229744 0.000000 
17.750000 0.125000 65.064840 0.001989 0.000087 0.500000 0.0000000000270169 0.000000 
18.250000 0.125000 65.064840 0.001989 0.000087 0.500000 0.0000000000189128 0.000000 
18.750000 0.125000 65.064840 0.001989 0.000087 0.500000 0.0000000000160218 0.000000 
19.250000 0.125000 65.064840 0.001989 0.000087 0.500000 0.0000000000233029 0.000000 
19.750000 0.125000 65.064840 0.001989 0.000087 0.500000 0.0000000000367001 0.000000 
20.250000 0.125000 65.064840 0.001989 0.000087 0.500000 0.0000000000420237 0.000000 
20.750000 0.125000 65.064840 0.001989 0.000087 0.500000 0.0000000000370228 0.000000 
21.250000 0.125000 65.064840 0.001989 0.000087 0.500000 0.0000000000424061 0.000000 
21.750000 0.125000 65.064840 0.001989 0.000087 0.500000 0.0000000000363620 0.000000 
0.250000 0.375000 65.064840 0.001989 0.000087 0.500000 0.0000000000058949 0.000000 
0.750000 0.375000 65.064840 0.001989 0.000087 0.500000 0.0000000000061006 0.000000 
1.250000 0.375000 65.064840 0.001989 0.000087 0.500000 0.0000000000040976 0.000000 
1.750000 0.375000 65.064840 0.001989 0.000087 0.500000 0.0000000000023083 0.000000 
2.250000 0.375000 65.064840 0.001989 0.000087 0.500000 0.0000000000014616 0.000000 
2.750000 0.375000 65.064840 0.001989 0.000087 0.500000 0.0000000000014000 0.000000 
3.250000 0.375000 65.064840 0.001989 0.000087 0.500000 0.0000000000018952 0.000000 
3.750000 0.375000 65.064840 0.001989 0.000087 0.500000 0.0000000000022362 0.000000 
4.250000 0.375000 65.064840 0.001989 0.000087 0.500000 0.0000000000032468 0.000000 
4.750000 0.375000 65.064840 0.001989 0.000087 0.500000 0.0000000000036295 0.000000 
5.250000 0.375000 65.064840 0.001989 0.000087 0.500000 0.0000000000025960 0.000000 
5.750000 0.375000 65.064840 0.001989 0.000087 0.500000 0.0000000000022872 0.000000 
6.250000 0.375000 65.064840 0.001989 0.000087 0.500000 0.0000000000027922 0.000000 
6.750000 0.375000 65.064840 0.001989 0.000087 0.500000 0.0000000000040989 0.000000 
7.250000 0.375000 65.064840 0.001989 0.000087 0.500000 0.0000000000047441 0.000000 
7.750000 0.375000 65.064840 0.001989 0.000087 0.500000 0.0000000000046043 0.000000 
8.250000 0.375000 65.064840 0.001989 0.000087 0.500000 0.0000000000051115 0.000000 
8.750000 0.375000 65.064840 0.001989 0.000087 0.500000 0.0000000000035916 0.000000 
9.250000 0.375000 65.064840 0.001989 0.000087 0.500000 0.0000000000024754 0.000000 
9.750000 0.375000 65.064840 0.001989 0.000087 0.500000 0.0000000000025500 0.000000 
10.250000 0.375000 65.064840 0.001989 0.000087 0.500000 0.0000000000040378 0.000000 
10.750000 0.375000 65.064840 0.001989 0.000087 0.500000 0.0000000000064408 0.000000 
11.250000 0.375000 65.064840 0.001989 0.000087 0.500000 0.0000000000068673 0.000000 
11.750000 0.375000 65.064840 0.001989 0.000087 0.500000 0.0000000000037711 0.000000 
12.250000 0.375000 65.064840 0.001989 0.000087 0.500000 0.0000000000023339 0.000000 
12.750000 0.375000 65.064840 0.001989 0.000087 0.500000 0.0000000000020749 0.000000 
13.250000 0.375000 65.064840 0.001989 0.000087 0.500000 0.0000000000018447 0.000000 
13.750000 0.375000 65.064840 0.001989 0.000087 0.500000 0.0000000000020225 0.000000 
14.250000 0.375000 65.064840 0.001989 0.000087 0.500000 0.0000000000021978 0.000000 
14.750000 0.375000 65.064840 0.001989 0.000087 0.500000 0.0000000000033897 0.000000 
15.250000 0.375000 65.064840 0.001989 0.000087 0.500000 0.0000000000049100 0.000000 
15.750000 0.375000 65.064840 0.001989 0.000087 0.500000 0.0000000000069011 0.000000 
16.250000 0.375000 65.064840 0.001989 0.000087 0.500000 0.0000000000107470 0.000000 
16.750000 0.375000 65.064840 0.001989 0.000087 0.500000 0.0000000000113586 0.000000 
17.250000 0.375000 65.064840 0.001989 0.000087 0.500000 0.0000000000087244 0.000000 
17.750000 0.375000 65.064840 0.001989 0.000087 0.500000 0.0000000000096190 0.000000 
18.250000 0.375000 65.064840 0.001989 0.000087 0.500000 0.0000000000155391 0.000000 
18.750000 0.375000 65.064840 0.001989 0.000087 0.500000 0.0000000000242816 0.000000 
19.250000 0.375000 65.064840 0.001989 0.000087 0.500000 0.0000000000224412 0.000000 
19.750000 0.375000 65.064840 0.001989 0.000087 0.500000 0.0000000000229998 0.000000 
20.250000 0.375000 65.064840 0.001989 0.000087 0.500000 0.0000000000224860 0.000000 
20.750000 0.375000 65.064840 0.001989 0.000087 0.500000 0.0000000000213844 0.000000 
21.250000 0.375000 65.064840 0.001989 0.000087 0.500000 0.0000000000295664 0.000000 
21.750000 0.375000 65.064840 0.001989 0.000087 0.500000 0.0000000000356590 0.000000 
0.250000 0.625000 65.064840 0.001989 0.000087 0.500000 0.0000000000082981 0.000000 
0.750000 0.625000 65.064840 0.001989 0.000087 0.500000 0.0000000000069984 0.000000 
1.250000 0.625000 65.064840 0.001989 0.000087 0.500000 0.0000000000052735 0.000000 
1.750000 0.625000 65.064840 0.001989 0.000087 0.500000 0.0000000000040751 0.000000 
2.250000 0.625000 65.064840 0.001989 0.000087 0.500000 0.0000000000038747 0.000000 
2.750000 0.625000 65.064840 0.001989 0.000087 0.500000 0.0000000000032973 0.000000 
3.250000 0.625000 65.064840 0.001989 0.000087 0.500000 0.0000000000035101 0.000000 
3.750000 0.625000 65.064840 0.001989 0.000087 0.500000 0.0000000000032812 0.000000 
4.250000 0.625000 65.064840 0.001989 0.000087 0.500000 0.0000000000037769 0.000000 
4.750000 0.625000 65.064840 0.001989 0.000087 0.500000 0.0000000000046140 0.000000 
5.250000 0.625000 65.064840 0.001989 0.000087 0.500000 0.0000000000077237 0.000000 
5.750000 0.625000 65.064840 0.001989 0.000087 0.500000 0.0000000000085763 0.000000 
6.250000 0.625000 65.064840 0.001989 0.000087 0.500000 0.0000000000084314 0.000000 
6.750000 0.625000 65.064840 0.001989 0.000087 0.500000 0.0000000000067041 0.000000 
7.250000 0.625000 65.064840 0.001989 0.000087 0.500000 0.0000000000052768 0.000000 
7.750000 0.625000 65.064840 0.001989 0.000087 0.500000 0.0000000000041192 0.000000 
8.250000 0.625000 65.064840 0.001989 0.000087 0.500000 0.0000000000026163 0.000000 
8.750000 0.625000 65.064840 0.001989 0.000087 0.500000 0.0000000000022523 0.000000 
9.250000 0.625000 65.064840 0.001989 0.000087 0.500000 0.0000000000025684 0.000000 
9.750000 0.625000 65.064840 0.001989 0.000087 0.500000 0.0000000000026251 0.000000 
10.250000 0.625000 65.064840 0.001989 0.000087 0.500000 0.0000000000026007 0.000000 
10.750000 0.625000 65.064840 0.001989 0.000087 0.500000 0.0000000000038872 0.000000 
11.250000 0.625000 65.064840 0.001989 0.000087 0.500000 0.0000000000057008 0.000000 
11.750000 0.625000 65.064840 0.001989 0.000087 0.500000 0.0000000000067148 0.000000 
12.250000 0.625000 65.064840 0.001989 0.000087 0.500000 0.0000000000063123 0.000000 
12.750000 0.625000 65.064840 0.001989 0.000087 0.500000 0.0000000000054146 0.000000 
13.250000 0.625000 65.064840 0.001989 0.000087 0.500000 0.0000000000032774 0.000000 
13.750000 0.625000 65.064840 0.001989 0.000087 0.500000 0.0000000000031489 0.000000 
14.250000 0.625000 65.064840 0.001989 0.000087 0.500000 0.0000000000023743 0.000000 
14.750000 0.625000 65.064840 0.001989 0.000087 0.500000 0.0000000000023514 0.000000 
15.250000 0.625000 65.064840 0.001989 0.000087 0.500000 0.0000000000034708 0.000000 
15.750000 0.625000 65.064840 0.001989 0.000087 0.500000 0.0000000000031907 0.000000 
16.250000 0.625000 65.064840 0.001989 0.000087 0.500000 0.0000000000061464 0.000000 
16.750000 0.625000 65.064840 0.001989 0.000087 0.500000 0.0000000000121292 0.000000 
17.250000 0.625000 65.064840 0.001989 0.000087 0.500000 0.0000000000131487 0.000000 
17.750000 0.625000 65.064840 0.001989 0.000087 0.500000 0.0000000000134505 0.000000 
18.250000 0.625000 65.064840 0.001989 0.000087 0.500000 0.0000000000156181 0.000000 
18.750000 0.625000 65.064840 0.001989 0.000087 0.500000 0.0000000000163976 0.000000 
19.250000 0.625000 65.064840 0.001989 0.000087 0.500000 0.0000000000138898 0.000000 
19.750000 0.625000 65.064840 0.001989 0.000087 0.500000 0.0000000000160708 0.000000 
20.250000 0.625000 65.064840 0.001989 0.000087 0.500000 0.0000000000156316 0.000000 
20.750000 0.625000 65.064840 0.001989 0.000087 0.500000 0.0000000000181520 0.000000 
21.250000 0.625000 65.064840 0.001989 0.000087 0.500000 0.0000000000164147 0.000000 
21.750000 0.625000 65.064840 0.001989 0.000087 0.500000 0.0000000000107373 0.000000 
0.250000 0.875000 16.296314 0.000996 0.000175 0.000000 0.0000000000184930 0.000000 
0.750000 0.875000 16.296314 0.000996 0.000175 0.000000 0.0000000000126585 0.000000 
1.250000 0.875000 16.296314 0.000996 0.000175 0.000000 0.0000000000086884 0.000000 
1.750000 0.875000 16.296314 0.000996 0.000175 0.000000 0.0000000000052550 0.000000 
2.250000 0.875000 16.296314 0.000996 0.000175 0.000000 0.0000000000048913 0.000000 
2.750000 0.875000 16.296314 0.000996 0.000175 0.000000 0.0000000000048732 0.000000 
3.250000 0.875000 16.296314 0.000996 0.000175 0.000000 0.0000000000044461 0.000000 
3.750000 0.875000 16.296314 0.000996 0.000175 0.000000 0.0000000000075685 0.000000 
4.250000 0.875000 16.296314 0.000996 0.000175 0.000000 0.0000000000066856 0.000000 
4.750000 0.875000 16.296314 0.000996 0.000175 0.000000 0.0000000000066261 0.000000 
5.250000 0.875000 16.296314 0.000996 0.000175 0.000000 0.0000000000083074 0.000000 
5.750000 0.875000 16.296314 0.000996 0.000175 0.000000 0.0000000000097065 0.000000 
6.250000 0.875000 16.296314 0.000996 0.000175 0.000000 0.0000000000077922 0.000000 
6.750000 0.875000 16.296314 0.000996 0.000175 0.000000 0.0000000000057243 0.000000 
7.250000 0.875000 16.296314 0.000996 0.000175 0.000000 0.0000000000058792 0.000000 
7.750000 0.875000 16.296314 0.000996 0.000175 0.000000 0.0000000000056155 0.000000 
8.250000 0.875000 16.296314 0.000996 0.000175 0.000000 0.0000000000037528 0.000000 
8.750000 0.875000 16.296320 0.000996 0.000175 0.000000 0.0000000000039984 0.000000 
9.250000 0.875000 16.296314 0.000996 0.000175 0.000000 0.0000000000036159 0.000000 
9.750000 0.875000 16.296604 0.000996 0.000175 0.000009 0.0000000000029354 0.000000 
10.250000 0.875000 16.296314 0.000996 0.000175 0.000000 0.0000000000019826 0.000000 
10.750000 0.875000 16.296314 0.000996 0.000175 0.000000 0.0000000000022546 0.000000 
11.250000 0.875000 16.296577 0.000996 0.000175 0.000008 0.0000000000031673 0.000000 
11.750000 0.875000 16.296314 0.000996 0.000175 0.000000 0.0000000000047543 0.000000 
12.250000 0.875000 16.296314 0.000996 0.000175 0.000000 0.0000000000060661 0.000000 
12.750000 0.875000 16.296314 0.000996 0.000175 0.000000 0.0000000000067184 0.000000 
13.250000 0.875000 16.296314 0.000996 0.000175 0.000000 0.0000000000072120 0.000000 
13.750000 0.875000 16.296476 0.000996 0.000175 0.000005 0.0000000000053929 0.000000 
14.250000 0.875000 16.296317 0.000996 0.000175 0.000000 0.0000000000035675 0.000000 
14.750000 0.875000 16.296314 0.000996 0.000175 0.000000 0.0000000000028305 0.000000 
15.250000 0.875000 16.296314 0.000996 0.000175 0.000000 0.0000000000025571 0.000000 
15.750000 0.875000 16.296314 0.000996 0.000175 0.000000 0.0000000000025573 0.000000 
16.250000 0.875000 16.296314 0.000996 0.000175 0.000000 0.0000000000025641 0.000000 
16.750000 0.875000 16.296314 0.000996 0.000175 0.000000 0.0000000000032670 0.000000 
17.250000 0.875000 16.296314 0.000996 0.000175 0.000000 0.0000000000046773 0.000000 
17.750000 0.875000 16.296314 0.000996 0.000175 0.000000 0.0000000000052489 0.000000 
18.250000 0.875000 16.296314 0.000996 0.000175 0.000000 0.0000000000071835 0.000000 
18.750000 0.875000 16.296314 0.000996 0.000175 0.000000 0.0000000000138642 0.000000 
19.250000 0.875000 16.296314 0.000996 0.000175 0.000000 0.0000000000142182 0.000000 
19.750000 0.875000 16.296314 0.000996 0.000175 0.000000 0.0000000000132806 0.000000 
20.250000 0.875000 16.296314 0.000996 0.000175 0.000000 0.0000000000096192 0.000000 
20.750000 0.875000 16.296314 0.000996 0.000175 0.000000 0.0000000000058760 0.000000 
21.250000 0.875000 16.296314 0.000996 0.000175 0.000000 0.0000000000050938 0.000000 
21.750000 0.875000 16.296314 0.000996 0.000175 0.000000 0.0000000000042218 0.000000 
0.250000 1.125000 16.296314 0.000996 0.000175 0.000000 0.0000000000206062 0.000000 
0.750000 1.125000 16.296314 0.000996 0.000175 0.000000 0.0000000000159733 0.000000 
1.250000 1.125000 16.296314 0.000996 0.000175 0.000000 0.0000000000171397 0.000000 
1.750000 1.125000 16.296314 0.000996 0.000175 0.000000 0.0000000000175270 0.000000 
2.250000 1.125000 16.296314 0.000996 0.000175 0.000000 0.0000000000112991 0.000000 
2.750000 1.125000 16.296314 0.000996 0.000175 0.000000 0.0000000000122000 0.000000 
3.250000 1.125000 16.296314 0.000996 0.000175 0.000000 0.0000000000129408 0.000000 
3.750000 1.125000 16.296314 0.000996 0.000175 0.000000 0.0000000000111067 0.000000 
4.250000 1.125000 16.296314 0.000996 0.000175 0.000000 0.0000000000078376 0.000000 
4.750000 1.125000 16.296314 0.000996 0.000175 0.000000 0.0000000000059716 0.000000 
5.250000 1.125000 16.296314 0.000996 0.000175 0.000000 0.0000000000054293 0.000000 
5.750000 1.125000 16.296314 0.000996 0.000175 0.000000 0.0000000000041211 0.000000 
6.250000 1.125000 16.296314 0.000996 0.000175 0.000000 0.0000000000046221 0.000000 
6.750000 1.125000 16.296314 0.000996 0.000175 0.000000 0.0000000000048200 0.000000 
7.250000 1.125000 16.296314 0.000996 0.000175 0.000000 0.0000000000051203 0.000000 
7.750000 1.125000 16.296314 0.000996 0.000175 0.000000 0.0000000000058212 0.000000 
8.250000 1.125000 16.296314 0.000996 0.000175 0.000000 0.0000000000053570 0.000000 
8.750000 1.125000 16.296314 0.000996 0.000175 0.000000 0.0000000000041686 0.000000 
9.250000 1.125000 16.296528 0.000996 0.000175 0.000007 0.0000000000028291 0.000000 
9.750000 1.125000 16.296314 0.000996 0.000175 0.000000 0.0000000000020981 0.000000 
10.250000 1.125000 16.296314 0.000996 0.000175 0.000000 0.0000000000013063 0.000000 
10.750000 1.125000 16.296314 0.000996 0.000175 0.000000 0.0000000000007403 0.000000 
11.250000 1.125000 16.296479 0.000996 0.000175 0.000005 0.0000000000009671 0.000000 
11.750000 1.125000 16.296314 0.000996 0.000175 0.000000 0.0000000000015419 0.000000 
12.250000 1.125000 16.296314 0.000996 0.000175 0.000000 0.0000000000024792 0.000000 
12.750000 1.125000 16.296314 0.000996 0.000175 0.000000 0.0000000000027317 0.000000 
13.250000 1.125000 16.296314 0.000996 0.000175 0.000000 0.0000000000034680 0.000000 
13.750000 1.125000 16.296505 0.000996 0.000175 0.000006 0.0000000000036352 0.000000 
14.250000 1.125000 16.296314 0.000996 0.000175 0.000000 0.0000000000033595 0.000000 
14.750000 1.125000 16.296314 0.000996 0.000175 0.000000 0.0000000000028542 0.000000 
15.250000 1.125000 16.296314 0.000996 0.000175 0.000000 0.0000000000026272 0.000000 
15.750000 1.125000 16.296314 0.000996 0.000175 0.000000 0.0000000000026737 0.000000 
16.250000 1.125000 16.296314 0.000996 0.000175 0.000000 0.0000000000029341 0.000000 
16.750000 1.125000 16.296314 0.000996 0.000175 0.000000 0.0000000000047038 0.000000 
17.250000 1.125000 16.296314 0.000996 0.000175 0.000000 0.0000000000043272 0.000000 
17.750000 1.125000 16.296314 0.000996 0.000175 0.000000 0.0000000000033068 0.000000 
18.250000 1.125000 16.296314 0.000996 0.000175 0.000000 0.0000000000039612 0.000000 
18.750000 1.125000 16.296314 0.000996 0.000175 0.000000 0.0000000000047058 0.000000 
19.250000 1.125000 16.296314 0.000996 0.000175 0.000000 0.0000000000045906 0.000000 
19.750000 1.125000 16.296314 0.000996 0.000175 0.000000 0.0000000000044025 0.000000 
20.250000 1.125000 16.296314 0.000996 0.000175 0.000000 0.0000000000042408 0.000000 
20.750000 1.125000 16.296314 0.000996 0.000175 0.000000 0.0000000000028612 0.000000 
21.250000 1.125000 16.296314 0.000996 0.000175 0.000000 0.0000000000023522 0.000000 
21.750000 1.125000 16.296314 0.000996 0.000175 0.000000 0.0000000000021581 0.000000 
0.250000 1.375000 16.296314 0.000996 0.000175 0.000000 0.0000000001686151 0.000000 
0.750000 1.375000 16.296314 0.000996 0.000175 0.000000 0.0000000001520187 0.000000 
1.250000 1.375000 16.296314 0.000996 0.000175 0.000000 0.0000000001160466 0.000000 
1.750000 1.375000 16.296314 0.000996 0.000175 0.000000 0.0000000000869177 0.000000 
2.250000 1.375000 16.296314 0.000996 0.000175 0.000000 0.0000000000420774 0.000000 
2.750000 1.375000 16.296314 0.000996 0.000175 0.000000 0.0000000000395249 0.000000 
3.250000 1.375000 16.296314 0.000996 0.000175 0.000000 0.0000000000329973 0.000000 
3.750000 1.375000 16.296314 0.000996 0.000175 0.000000 0.0000000000235315 0.000000 
4.250000 1.375000 16.296314 0.000996 0.000175 0.000000 0.0000000000219439 0.000000 
4.750000 1.375000 16.296314 0.000996 0.000175 0.000000 0.0000000000246056 0.000000 
5.250000 1.375000 16.296314 0.000996 0.000175 0.000000 0.0000000000200219 0.000000 
5.750000 1.375000 16.296314 0.000996 0.000175 0.000000 0.0000000000160895 0.000000 
6.250000 1.375000 16.296314 0.000996 0.000175 0.000000 0.0000000000135779 0.000000 
6.750000 1.375000 16.296314 0.000996 0.000175 0.000000 0.0000000000091438 0.000000 
7.250000 1.375000 16.296338 0.000996 0.000175 0.000001 0.0000000000087595 0.000000 
7.750000 1.375000 16.296327 0.000996 0.000175 0.000000 0.0000000000122773 0.000000 
8.250000 1.375000 16.296314 0.000996 0.000175 0.000000 0.0000000000119072 0.000000 
8.750000 1.375000 16.296314 0.000996 0.000175 0.000000 0.0000000000086131 0.000000 
9.250000 1.375000 16.296314 0.000996 0.000175 0.000000 0.0000000000066385 0.000000 
9.750000 1.375000 16.296314 0.000996 0.000175 0.000000 0.0000000000046632 0.000000 
10.250000 1.375000 16.296314 0.000996 0.000175 0.000000 0.0000000000030875 0.000000 
10.750000 1.375000 16.296314 0.000996 0.000175 0.000000 0.0000000000026869 0.000000 
11.250000 1.375000 16.296314 0.000996 0.000175 0.000000 0.0000000000022863 0.000000 
11.750000 1.375000 16.296602 0.000996 0.000175 0.000009 0.0000000000025211 0.000000 
12.250000 1.375000 16.296462 0.000996 0.000175 0.000005 0.0000000000030470 0.000000 
12.750000 1.375000 16.296416 0.000996 0.000175 0.000003 0.0000000000035517 0.000000 
13.250000 1.375000 16.401999 0.001000 0.000174 0.003230 0.0000000000031839 0.000000 
13.750000 1.375000 16.296393 0.000996 0.000175 0.000002 0.0000000000028591 0.000000 
14.250000 1.375000 16.296314 0.000996 0.000175 0.000000 0.0000000000037920 0.000000 
14.750000 1.375000 16.296314 0.000996 0.000175 0.000000 0.0000000000056555 0.000000 
15.250000 1.375000 16.296314 0.000996 0.000175 0.000000 0.0000000000058876 0.000000 
15.750000 1.375000 16.296314 0.000996 0.000175 0.000000 0.0000000000040122 0.000000 
16.250000 1.375000 16.296314 0.000996 0.000175 0.000000 0.0000000000026661 0.000000 
16.750000 1.375000 16.296314 0.000996 0.000175 0.000000 0.0000000000018688 0.000000 
17.250000 1.375000 16.296314 0.000996 0.000175 0.000000 0.0000000000012923 0.000000 
17.750000 1.375000 16.296314 0.000996 0.000175 0.000000 0.0000000000011514 0.000000 
18.250000 1.375000 16.296314 0.000996 0.000175 0.000000 0.0000000000013556 0.000000 
18.750000 1.375000 16.296314 0.000996 0.000175 0.000000 0.0000000000012092 0.000000 
19.250000 1.375000 16.296314 0.000996 0.000175 0.000000 0.0000000000011025 0.000000 
19.750000 1.375000 16.296314 0.000996 0.000175 0.000000 0.0000000000013974 0.000000 
20.250000 1.375000 16.296314 0.000996 0.000175 0.000000 0.0000000000012706 0.000000 
20.750000 1.375000 16.296314 0.000996 0.000175 0.000000 0.0000000000011010 0.000000 
21.250000 1.375000 16.296314 0.000996 0.000175 0.000000 0.0000000000009928 0.000000 
21.750000 1.375000 16.296314 0.000996 0.000175 0.000000 0.0000000000007753 0.000000 
0.250000 1.625000 16.296314 0.000996 0.000175 0.000000 0.0000000001573312 0.000000 
0.750000 1.625000 16.296314 0.000996 0.000175 0.000000 0.0000000001556297 0.000000 
1.250000 1.625000 16.296314 0.000996 0.000175 0.000000 0.0000000001132730 0.000000 
1.750000 1.625000 16.296314 0.000996 0.000175 0.000000 0.0000000000932345 0.000000 
2.250000 1.625000 16.296314 0.000996 0.000175 0.000000 0.0000000001274931 0.000000 
2.750000 1.625000 16.296314 0.000996 0.000175 0.000000 0.0000000001441699 0.000000 
3.250000 1.625000 16.296314 0.000996 0.000175 0.000000 0.0000000000801344 0.000000 
3.750000 1.625000 16.296314 0.000996 0.000175 0.000000 0.0000000000388854 0.000000 
4.250000 1.625000 16.296314 0.000996 0.000175 0.000000 0.0000000000229689 0.000000 
4.750000 1.625000 16.296314 0.000996 0.000175 0.000000 0.0000000000188268 0.000000 
5.250000 1.625000 16.296314 0.000996 0.000175 0.000000 0.0000000000140860 0.000000 
5.750000 1.625000 16.296314 0.000996 0.000175 0.000000 0.0000000000102567 0.000000 
6.250000 1.625000 16.296314 0.000996 0.000175 0.000000 0.0000000000076778 0.000000 
6.750000 1.625000 16.296314 0.000996 0.000175 0.000000 0.0000000000069580 0.000000 
7.250000 1.625000 16.296314 0.000996 0.000175 0.000000 0.0000000000084133 0.000000 
7.750000 1.625000 16.296496 0.000996 0.000175 0.000006 0.0000000000074632 0.000000 
8.250000 1.625000 16.296314 0.000996 0.000175 0.000000 0.0000000000070066 0.000000 
8.750000 1.625000 16.296338 0.000996 0.000175 0.000001 0.0000000000059157 0.000000 
9.250000 1.625000 16.296332 0.000996 0.000175 0.000001 0.0000000000069902 0.000000 
9.750000 1.625000 16.296314 0.000996 0.000175 0.000000 0.0000000000068558 0.000000 
10.250000 1.625000 16.296314 0.000996 0.000175 0.000000 0.0000000000043128 0.000000 
10.750000 1.625000 16.296314 0.000996 0.000175 0.000000 0.0000000000034802 0.000000 
11.250000 1.625000 16.296314 0.000996 0.000175 0.000000 0.0000000000027753 0.000000 
11.750000 1.625000 16.296314 0.000996 0.000175 0.000000 0.0000000000036609 0.000000 
12.250000 1.625000 16.296314 0.000996 0.000175 0.000000 0.0000000000032185 0.000000 
12.750000 1.625000 16.296315 0.000996 0.000175 0.000000 0.0000000000038159 0.000000 
13.250000 1.625000 16.296314 0.000996 0.000175 0.000000 0.0000000000025662 0.000000 
13.750000 1.625000 16.296314 0.000996 0.000175 0.000000 0.0000000000018833 0.000000 
14.250000 1.625000 16.296314 0.000996 0.000175 0.000000 0.0000000000025303 0.000000 
14.750000 1.625000 16.296314 0.000996 0.000175 0.000000 0.0000000000025283 0.000000 
15.250000 1.625000 16.296314 0.000996 0.000175 0.000000 0.0000000000019174 0.000000 
15.750000 1.625000 16.296314 0.000996 0.000175 0.000000 0.0000000000020310 0.000000 
16.250000 1.625000 16.296314 0.000996 0.000175 0.000000 0.0000000000009870 0.000000 
16.750000 1.625000 16.296314 0.000996 0.000175 0.000000 0.0000000000006354 0.000000 
17.250000 1.625000 16.296314 0.000996 0.000175 0.000000 0.0000000000005671 0.000000 
17.750000 1.625000 16.296314 0.000996 0.000175 0.000000 0.0000000000004474 0.000000 
18.250000 1.625000 16.296314 0.000996 0.000175 0.000000 0.0000000000004001 0.000000 
18.750000 1.625000 16.296314 0.000996 0.000175 0.000000 0.0000000000003674 0.000000 
19.250000 1.625000 16.296314 0.000996 0.000175 0.000000 0.0000000000004886 0.000000 
19.750000 1.625000 16.296314 0.000996 0.000175 0.000000 0.0000000000006511 0.000000 
20.250000 1.625000 16.296314 0.000996 0.000175 0.000000 0.0000000000006724 0.000000 
20.750000 1.625000 16.296314 0.000996 0.000175 0.000000 0.0000000000007248 0.000000 
21.250000 1.625000 16.296314 0.000996 0.000175 0.000000 0.0000000000007159 0.000000 
21.750000 1.625000 16.296314 0.000996 0.000175 0.000000 0.0000000000008232 0.000000 
0.250000 1.875000 16.296314 0.000996 0.000175 0.000000 0.0000000000979031 0.000000 
0.750000 1.875000 16.296314 0.000996 0.000175 0.000000 0.0000000000907802 0.000000 
1.250000 1.875000 16.296314 0.000996 0.000175 0.000000 0.0000000001110548 0.000000 
1.750000 1.875000 16.296314 0.000996 0.000175 0.000000 0.0000000001465582 0.000000 
2.250000 1.875000 16.296314 0.000996 0.000175 0.000000 0.0000000001394960 0.000000 
2.750000 1.875000 16.296314 0.000996 0.000175 0.000000 0.0000000000869207 0.000000 
3.250000 1.875000 16.296314 0.000996 0.000175 0.000000 0.0000000000735150 0.000000 
3.750000 1.875000 16.296314 0.000996 0.000175 0.000000 0.0000000000571149 0.000000 
4.250000 1.875000 16.296314 0.000996 0.000175 0.000000 0.0000000000522271 0.000000 
4.750000 1.875000 16.296314 0.000996 0.000175 0.000000 0.0000000000425932 0.000000 
5.250000 1.875000 16.296314 0.000996 0.000175 0.000000 0.0000000000240771 0.000000 
5.750000 1.875000 16.296314 0.000996 0.000175 0.000000 0.0000000000183252 0.000000 
6.250000 1.875000 16.296314 0.000996 0.000175 0.000000 0.0000000000117013 0.000000 
6.750000 1.875000 16.296314 0.000996 0.000175 0.000000 0.0000000000086490 0.000000 
7.250000 1.875000 16.296314 0.000996 0.000175 0.000000 0.0000000000080965 0.000000 
7.750000 1.875000 16.296314 0.000996 0.000175 0.000000 0.0000000000083142 0.000000 
8.250000 1.875000 16.296314 0.000996 0.000175 0.000000 0.0000000000064229 0.000000 
8.750000 1.875000 16.296314 0.000996 0.000175 0.000000 0.0000000000055444 0.000000 
9.250000 1.875000 16.296314 0.000996 0.000175 0.000000 0.0000000000033326 0.000000 
9.750000 1.875000 16.296314 0.000996 0.000175 0.000000 0.0000000000028394 0.000000 
10.250000 1.875000 16.296314 0.000996 0.000175 0.000000 0.0000000000032410 0.000000 
10.750000 1.875000 16.296370 0.000996 0.000175 0.000002 0.0000000000038547 0.000000 
11.250000 1.875000 16.298067 0.000996 0.000175 0.000054 0.0000000000049186 0.000000 
11.750000 1.875000 43.836134 0.001633 0.000106 0.390644 0.0000000000060382 0.000000 
12.250000 1.875000 97.162856 0.002429 0.000071 0.591008 0.0000000000083598 0.000000 
12.750000 1.875000 156.428381 0.003080 0.000056 0.677861 0.0000000000101255 0.000000 
13.250000 1.875000 61.292417 0.001930 0.000090 0.484815 0.0000000000055241 0.000000 
13.750000 1.875000 16.296314 0.000996 0.000175 0.000000 0.0000000000021463 0.000000 
14.250000 1.875000 16.296314 0.000996 0.000175 0.000000 0.0000000000013135 0.000000 
14.750000 1.875000 16.296314 0.000996 0.000175 0.000000 0.0000000000012407 0.000000 
15.250000 1.875000 16.296317 0.000996 0.000175 0.000000 0.0000000000013667 0.000000 
15.750000 1.875000 16.296314 0.000996 0.000175 0.000000 0.0000000000011017 0.000000 
16.250000 1.875000 16.296314 0.000996 0.000175 0.000000 0.0000000000009258 0.000000 
16.750000 1.875000 16.296314 0.000996 0.000175 0.000000 0.0000000000006867 0.000000 
17.250000 1.875000 16.296314 0.000996 0.000175 0.000000 0.0000000000004482 0.000000 
17.750000 1.875000 16.296314 0.000996 0.000175 0.000000 0.0000000000002806 0.000000 
18.250000 1.875000 16.296314 0.000996 0.000175 0.000000 0.0000000000002819 0.000000 
18.750000 1.875000 16.296314 0.000996 0.000175 0.000000 0.0000000000003041 0.000000 
19.250000 1.875000 16.296314 0.000996 0.000175 0.000000 0.0000000000002943 0.000000 
19.750000 1.875000 16.296314 0.000996 0.000175 0.000000 0.0000000000003734 0.000000 
20.250000 1.875000 16.296314 0.000996 0.000175 0.000000 0.0000000000004603 0.000000 
20.750000 1.875000 16.296314 0.000996 0.000175 0.000000 0.0000000000004543 0.000000 
21.250000 1.875000 16.296314 0.000996 0.000175 0.000000 0.0000000000005512 0.000000 
21.750000 1.875000 16.296314 0.000996 0.000175 0.000000 0.0000000000008231 0.000000 
0.250000 2.125000 16.296314 0.000996 0.000175 0.000000 0.0000000000821123 0.000000 
0.750000 2.125000 16.296314 0.000996 0.000175 0.000000 0.0000000000745514 0.000000 
1.250000 2.125000 16.296314 0.000996 0.000175 0.000000 0.0000000000639145 0.000000 
1.750000 2.125000 16.296314 0.000996 0.000175 0.000000 0.0000000000327647 0.000000 
2.250000 2.125000 16.296314 0.000996 0.000175 0.000000 0.0000000000267931 0.000000 
2.750000 2.125000 16.296314 0.000996 0.000175 0.000000 0.0000000000358319 0.000000 
3.250000 2.125000 16.296314 0.000996 0.000175 0.000000 0.0000000000319841 0.000000 
3.750000 2.125000 16.296314 0.000996 0.000175 0.000000 0.0000000000261315 0.000000 
4.250000 2.125000 16.296314 0.000996 0.000175 0.000000 0.0000000000211154 0.000000 
4.750000 2.125000 16.296314 0.000996 0.000175 0.000000 0.0000000000183258 0.000000 
5.250000 2.125000 16.296314 0.000996 0.000175 0.000000 0.0000000000126437 0.000000 
5.750000 2.125000 16.296314 0.000996 0.000175 0.000000 0.0000000000093053 0.000000 
6.250000 2.125000 16.296314 0.000996 0.000175 0.000000 0.0000000000054953 0.000000 
6.750000 2.125000 16.296323 0.000996 0.000175 0.000000 0.0000000000038579 0.000000 
7.250000 2.125000 16.296314 0.000996 0.000175 0.000000 0.0000000000043418 0.000000 
7.750000 2.125000 16.296435 0.000996 0.000175 0.000004 0.0000000000050864 0.000000 
8.250000 2.125000 16.296314 0.000996 0.000175 0.000000 0.0000000000042186 0.000000 
8.750000 2.125000 16.296314 0.000996 0.000175 0.000000 0.0000000000042931 0.000000 
9.250000 2.125000 16.296314 0.000996 0.000175 0.000000 0.0000000000038014 0.000000 
9.750000 2.125000 17.096401 0.001021 0.000171 0.023702 0.0000000000048450 0.000000 
10.250000 2.125000 129.514198 0.002804 0.000062 0.645877 0.0000000000071548 0.000000 
10.750000 2.125000 104.242078 0.002516 0.000069 0.605172 0.0000000000055383 0.000000 
11.250000 2.125000 70.254574 0.002066 0.000084 0.518857 0.0000000000041518 0.000000 
11.750000 2.125000 56.955850 0.001861 0.000093 0.465527 0.0000000000035124 0.000000 
12.250000 2.125000 78.740953 0.002187 0.000079 0.545575 0.0000000000039155 0.000000 
12.750000 2.125000 86.024797 0.002286 0.000076 0.565279 0.0000000000038458 0.000000 
13.250000 2.125000 69.992722 0.002063 0.000084 0.517956 0.0000000000032682 0.000000 
13.750000 2.125000 40.977034 0.001579 0.000110 0.369712 0.0000000000024848 0.000000 
14.250000 2.125000 29.264826 0.001335 0.000130 0.254007 0.0000000000021527 0.000000 
14.750000 2.125000 24.103372 0.001212 0.000144 0.177911 0.0000000000020828 0.000000 
15.250000 2.125000 16.296531 0.000996 0.000175 0.000007 0.0000000000019269 0.000000 
15.750000 2.125000 16.296317 0.000996 0.000175 0.000000 0.0000000000015887 0.000000 
16.250000 2.125000 16.296314 0.000996 0.000175 0.000000 0.0000000000008323 0.000000 
16.750000 2.125000 16.296314 0.000996 0.000175 0.000000 0.0000000000005270 0.000000 
17.250000 2.125000 16.296314 0.000996 0.000175 0.000000 0.0000000000003686 0.000000 
17.750000 2.125000 16.296314 0.000996 0.000175 0.000000 0.0000000000002951 0.000000 
18.250000 2.125000 16.296314 0.000996 0.000175 0.000000 0.0000000000003190 0.000000 
18.750000 2.125000 16.296314 0.000996 0.000175 0.000000 0.0000000000002759 0.000000 
19.250000 2.125000 16.296314 0.000996 0.000175 0.000000 0.0000000000002277 0.000000 
19.750000 2.125000 16.296314 0.000996 0.000175 0.000000 0.0000000000002090 0.000000 
20.250000 2.125000 16.296314 0.000996 0.000175 0.000000 0.0000000000002018 0.000000 
20.750000 2.125000 16.296314 0.000996 0.000175 0.000000 0.0000000000002956 0.000000 
21.250000 2.125000 16.296314 0.000996 0.000175 0.000000 0.0000000000003656 0.000000 
21.750000 2.125000 16.296314 0.000996 0.000175 0.000000 0.0000000000003528 0.000000 
0.250000 2.375000 16.296314 0.000996 0.000175 0.000000 0.0000000000235645 0.000000 
0.750000 2.375000 16.296314 0.000996 0.000175 0.000000 0.0000000000286567 0.000000 
1.250000 2.375000 16.296314 0.000996 0.000175 0.000000 0.0000000000202176 0.000000 
1.750000 2.375000 16.296314 0.000996 0.000175 0.000000 0.0000000000224974 0.000000 
2.250000 2.375000 16.296314 0.000996 0.000175 0.000000 0.0000000000204328 0.000000 
2.750000 2.375000 16.296314 0.000996 0.000175 0.000000 0.0000000000144582 0.000000 
3.250000 2.375000 16.296314 0.000996 0.000175 0.000000 0.0000000000107720 0.000000 
3.750000 2.375000 16.296314 0.000996 0.000175 0.000000 0.0000000000068450 0.000000 
4.250000 2.375000 16.296314 0.000996 0.000175 0.000000 0.0000000000069733 0.000000 
4.750000 2.375000 16.296314 0.000996 0.000175 0.000000 0.0000000000096050 0.000000 
5.250000 2.375000 16.296314 0.000996 0.000175 0.000000 0.0000000000074736 0.000000 
5.750000 2.375000 16.296314 0.000996 0.000175 0.000000 0.0000000000038078 0.000000 
6.250000 2.375000 16.296314 0.000996 0.000175 0.000000 0.0000000000028348 0.000000 
6.750000 2.375000 16.296314 0.000996 0.000175 0.000000 0.0000000000036029 0.000000 
7.250000 2.375000 16.296314 0.000996 0.000175 0.000000 0.0000000000023363 0.000000 
7.750000 2.375000 16.296314 0.000996 0.000175 0.000000 0.0000000000016160 0.000000 
8.250000 2.375000 16.296314 0.000996 0.000175 0.000000 0.0000000000017752 0.000000 
8.750000 2.375000 16.296314 0.000996 0.000175 0.000000 0.0000000000019013 0.000000 
9.250000 2.375000 16.296314 0.000996 0.000175 0.000000 0.0000000000013351 0.000000 
9.750000 2.375000 16.296314 0.000996 0.000175 0.000000 0.0000000000013014 0.000000 
10.250000 2.375000 16.296314 0.000996 0.000175 0.000000 0.0000000000010991 0.000000 
10.750000 2.375000 16.296314 0.000996 0.000175 0.000000 0.0000000000007478 0.000000 
11.250000 2.375000 16.296314 0.000996 0.000175 0.000000 0.0000000000007338 0.000000 
11.750000 2.375000 16.296314 0.000996 0.000175 0.000000 0.0000000000007950 0.000000 
12.250000 2.375000 16.296314 0.000996 0.000175 0.000000 0.0000000000006891 0.000000 
12.750000 2.375000 16.296314 0.000996 0.000175 0.000000 0.0000000000006912 0.000000 
13.250000 2.375000 16.296314 0.000996 0.000175 0.000000 0.0000000000009256 0.000000 
13.750000 2.375000 16.296314 0.000996 0.000175 0.000000 0.0000000000008544 0.000000 
14.250000 2.375000 16.296314 0.000996 0.000175 0.000000 0.0000000000009022 0.000000 
14.750000 2.375000 16.296314 0.000996 0.000175 0.000000 0.0000000000011534 0.000000 
15.250000 2.375000 16.296317 0.000996 0.000175 0.000000 0.0000000000012676 0.000000 
15.750000 2.375000 16.296314 0.000996 0.000175 0.000000 0.0000000000008994 0.000000 
16.250000 2.375000 16.296314 0.000996 0.000175 0.000000 0.0000000000005606 0.000000 
16.750000 2.375000 16.296314 0.000996 0.000175 0.000000 0.0000000000003233 0.000000 
17.250000 2.375000 16.296314 0.000996 0.000175 0.000000 0.0000000000002453 0.000000 
17.750000 2.375000 16.296314 0.000996 0.000175 0.000000 0.0000000000001617 0.000000 
18.250000 2.375000 16.296314 0.000996 0.000175 0.000000 0.0000000000001727 0.000000 
18.750000 2.375000 16.296314 0.000996 0.000175 0.000000 0.0000000000001708 0.000000 
19.250000 2.375000 16.296314 0.000996 0.000175 0.000000 0.0000000000001513 0.000000 
19.750000 2.375000 16.296314 0.000996 0.000175 0.000000 0.0000000000001756 0.000000 
20.250000 2.375000 16.296314 0.000996 0.000175 0.000000 0.0000000000002157 0.000000 
20.750000 2.375000 16.296314 0.000996 0.000175 0.000000 0.0000000000003105 0.000000 
21.250000 2.375000 16.296314 0.000996 0.000175 0.000000 0.0000000000003686 0.000000 
21.750000 2.375000 16.296314 0.000996 0.000175 0.000000 0.0000000000004085 0.000000 
0.250000 2.625000 16.296314 0.000996 0.000175 0.000000 0.0000000000122923 0.000000 
0.750000 2.625000 16.296314 0.000996 0.000175 0.000000 0.0000000000112167 0.000000 
1.250000 2.625000 16.296314 0.000996 0.000175 0.000000 0.0000000000129087 0.000000 
1.750000 2.625000 16.296314 0.000996 0.000175 0.000000 0.0000000000122335 0.000000 
2.250000 2.625000 16.296314 0.000996 0.000175 0.000000 0.0000000000123650 0.000000 
2.750000 2.625000 16.296314 0.000996 0.000175 0.000000 0.0000000000083824 0.000000 
3.250000 2.625000 16.296314 0.000996 0.000175 0.000000 0.0000000000055288 0.000000 
3.750000 2.625000 16.296314 0.000996 0.000175 0.000000 0.0000000000057078 0.000000 
4.250000 2.625000 16.296314 0.000996 0.000175 0.000000 0.0000000000068973 0.000000 
4.750000 2.625000 16.296314 0.000996 0.000175 0.000000 0.0000000000065785 0.000000 
5.250000 2.625000 16.296314 0.000996 0.000175 0.000000 0.0000000000056095 0.000000 
5.750000 2.625000 16.296314 0.000996 0.000175 0.000000 0.0000000000058985 0.000000 
6.250000 2.625000 16.296314 0.000996 0.000175 0.000000 0.0000000000043703 0.000000 
6.750000 2.625000 16.296314 0.000996 0.000175 0.000000 0.0000000000051556 0.000000 
7.250000 2.625000 16.296314 0.000996 0.000175 0.000000 0.0000000000046857 0.000000 
7.750000 2.625000 16.296314 0.000996 0.000175 0.000000 0.0000000000038066 0.000000 
8.250000 2.625000 16.296314 0.000996 0.000175 0.000000 0.0000000000043799 0.000000 
8.750000 2.625000 16.296314 0.000996 0.000175 0.000000 0.0000000000026462 0.000000 
9.250000 2.625000 16.296314 0.000996 0.000175 0.000000 0.0000000000014282 0.000000 
9.750000 2.625000 16.296314 0.000996 0.000175 0.000000 0.0000000000007694 0.000000 
10.250000 2.625000 16.296314 0.000996 0.000175 0.000000 0.0000000000005029 0.000000 
10.750000 2.625000 16.296314 0.000996 0.000175 0.000000 0.0000000000003782 0.000000 
11.250000 2.625000 16.296314 0.000996 0.000175 0.000000 0.0000000000002840 0.000000 
11.750000 2.625000 16.296314 0.000996 0.000175 0.000000 0.0000000000003961 0.000000 
12.250000 2.625000 16.296314 0.000996 0.000175 0.000000 0.0000000000006037 0.000000 
12.750000 2.625000 16.296314 0.000996 0.000175 0.000000 0.0000000000004767 0.000000 
13.250000 2.625000 16.296314 0.000996 0.000175 0.000000 0.0000000000004338 0.000000 
13.750000 2.625000 16.296314 0.000996 0.000175 0.000000 0.0000000000005508 0.000000 
14.250000 2.625000 16.296314 0.000996 0.000175 0.000000 0.0000000000005350 0.000000 
14.750000 2.625000 16.296314 0.000996 0.000175 0.000000 0.0000000000005726 0.000000 
15.250000 2.625000 16.296314 0.000996 0.000175 0.000000 0.0000000000008588 0.000000 
15.750000 2.625000 16.296314 0.000996 0.000175 0.000000 0.0000000000006997 0.000000 
16.250000 2.625000 16.296314 0.000996 0.000175 0.000000 0.0000000000005799 0.000000 
16.750000 2.625000 16.296314 0.000996 0.000175 0.000000 0.0000000000006450 0.000000 
17.250000 2.625000 16.296314 0.000996 0.000175 0.000000 0.0000000000006462 0.000000 
17.750000 2.625000 16.296314 0.000996 0.000175 0.000000 0.0000000000006267 0.000000 
18.250000 2.625000 16.296314 0.000996 0.000175 0.000000 0.0000000000005988 0.000000 
18.750000 2.625000 16.296314 0.000996 0.000175 0.000000 0.0000000000008479 0.000000 
19.250000 2.625000 16.296314 0.000996 0.000175 0.000000 0.0000000000009446 0.000000 
19.750000 2.625000 16.296314 0.000996 0.000175 0.000000 0.0000000000008936 0.000000 
20.250000 2.625000 16.296314 0.000996 0.000175 0.000000 0.0000000000010180 0.000000 
20.750000 2.625000 16.296314 0.000996 0.000175 0.000000 0.0000000000012166 0.000000 
21.250000 2.625000 16.296314 0.000996 0.000175 0.000000 0.0000000000014639 0.000000 
21.750000 2.625000 16.296314 0.000996 0.000175 0.000000 0.0000000000014434 0.000000 
0.250000 2.875000 16.296314 0.000996 0.000175 0.000000 0.0000000000234472 0.000000 
0.750000 2.875000 16.296314 0.000996 0.000175 0.000000 0.0000000000159586 0.000000 
1.250000 2.875000 16.296314 0.000996 0.000175 0.000000 0.0000000000121531 0.000000 
1.750000 2.875000 16.296314 0.000996 0.000175 0.000000 0.0000000000118500 0.000000 
2.250000 2.875000 16.296314 0.000996 0.000175 0.000000 0.0000000000106566 0.000000 
2.750000 2.875000 16.296314 0.000996 0.000175 0.000000 0.0000000000117872 0.000000 
3.250000 2.875000 16.296314 0.000996 0.000175 0.000000 0.0000000000090132 0.000000 
3.750000 2.875000 16.296314 0.000996 0.000175 0.000000 0.0000000000082939 0.000000 
4.250000 2.875000 16.296314 0.000996 0.000175 0.000000 0.0000000000074361 0.000000 
4.750000 2.875000 16.296314 0.000996 0.000175 0.000000 0.0000000000057397 0.000000 
5.250000 2.875000 16.296314 0.000996 0.000175 0.000000 0.0000000000039551 0.000000 
5.750000 2.875000 16.296314 0.000996 0.000175 0.000000 0.0000000000033052 0.000000 
6.250000 2.875000 16.296314 0.000996 0.000175 0.000000 0.0000000000029729 0.000000 
6.750000 2.875000 16.296314 0.000996 0.000175 0.000000 0.0000000000030547 0.000000 
7.250000 2.875000 16.296314 0.000996 0.000175 0.000000 0.0000000000035208 0.000000 
7.750000 2.875000 16.296560 0.000996 0.000175 0.000008 0.0000000000036791 0.000000 
8.250000 2.875000 16.296443 0.000996 0.000175 0.000004 0.0000000000032514 0.000000 
8.750000 2.875000 16.296314 0.000996 0.000175 0.000000 0.0000000000026569 0.000000 
9.250000 2.875000 16.296314 0.000996 0.000175 0.000000 0.0000000000015195 0.000000 
9.750000 2.875000 16.296314 0.000996 0.000175 0.000000 0.0000000000011567 0.000000 
10.250000 2.875000 16.296314 0.000996 0.000175 0.000000 0.0000000000012840 0.000000 
10.750000 2.875000 16.296314 0.000996 0.000175 0.000000 0.0000000000012627 0.000000 
11.250000 2.875000 16.296314 0.000996 0.000175 0.000000 0.0000000000011028 0.000000 
11.750000 2.875000 16.296314 0.000996 0.000175 0.000000 0.0000000000007144 0.000000 
12.250000 2.875000 16.296314 0.000996 0.000175 0.000000 0.0000000000007654 0.000000 
12.750000 2.875000 16.296314 0.000996 0.000175 0.000000 0.0000000000008178 0.000000 
13.250000 2.875000 16.296314 0.000996 0.000175 0.000000 0.0000000000010334 0.000000 
13.750000 2.875000 16.296314 0.000996 0.000175 0.000000 0.0000000000012033 0.000000 
14.250000 2.875000 16.296314 0.000996 0.000175 0.000000 0.0000000000014472 0.000000 
14.750000 2.875000 16.296314 0.000996 0.000175 0.000000 0.0000000000020000 0.000000 
15.250000 2.875000 16.296314 0.000996 0.000175 0.000000 0.0000000000030984 0.000000 
15.750000 2.875000 16.296314 0.000996 0.000175 0.000000 0.0000000000057258 0.000000 
16.250000 2.875000 16.296314 0.000996 0.000175 0.000000 0.0000000000046112 0.000000 
16.750000 2.875000 16.296314 0.000996 0.000175 0.000000 0.0000000000031706 0.000000 
17.250000 2.875000 16.296314 0.000996 0.000175 0.000000 0.0000000000027281 0.000000 
17.750000 2.875000 16.296314 0.000996 0.000175 0.000000 0.0000000000027934 0.000000 
18.250000 2.875000 16.296314 0.000996 0.000175 0.000000 0.0000000000021558 0.000000 
18.750000 2.875000 16.296314 0.000996 0.000175 0.000000 0.0000000000023283 0.000000 
19.250000 2.875000 16.296314 0.000996 0.000175 0.000000 0.0000000000029463 0.000000 
19.750000 2.875000 16.296314 0.000996 0.000175 0.000000 0.0000000000024407 0.000000 
20.250000 2.875000 16.296314 0.000996 0.000175 0.000000 0.0000000000025003 0.000000 
20.750000 2.875000 16.296314 0.000996 0.000175 0.000000 0.0000000000018773 0.000000 
21.250000 2.875000 16.296314 0.000996 0.000175 0.000000 0.0000000000017727 0.000000 
21.750000 2.875000 16.296314 0.000996 0.000175 0.000000 0.0000000000023161 0.000000 
0.250000 3.125000 16.296314 0.000996 0.000175 0.000000 0.0000000000057279 0.000000 
0.750000 3.125000 16.296314 0.000996 0.000175 0.000000 0.0000000000071930 0.000000 
1.250000 3.125000 16.296314 0.000996 0.000175 0.000000 0.0000000000100123 0.000000 
1.750000 3.125000 16.296314 0.000996 0.000175 0.000000 0.0000000000101777 0.000000 
2.250000 3.125000 16.296314 0.000996 0.000175 0.000000 0.0000000000111062 0.000000 
2.750000 3.125000 16.296314 0.000996 0.000175 0.000000 0.0000000000069970 0.000000 
3.250000 3.125000 16.296314 0.000996 0.000175 0.000000 0.0000000000066267 0.000000 
3.750000 3.125000 16.296314 0.000996 0.000175 0.000000 0.0000000000093425 0.000000 
4.250000 3.125000 16.296314 0.000996 0.000175 0.000000 0.0000000000088495 0.000000 
4.750000 3.125000 16.296314 0.000996 0.000175 0.000000 0.0000000000056492 0.000000 
5.250000 3.125000 16.296314 0.000996 0.000175 0.000000 0.0000000000055454 0.000000 
5.750000 3.125000 16.296314 0.000996 0.000175 0.000000 0.0000000000056840 0.000000 
6.250000 3.125000 16.296314 0.000996 0.000175 0.000000 0.0000000000041960 0.000000 
6.750000 3.125000 16.296314 0.000996 0.000175 0.000000 0.0000000000039144 0.000000 
7.250000 3.125000 16.296314 0.000996 0.000175 0.000000 0.0000000000029781 0.000000 
7.750000 3.125000 16.296314 0.000996 0.000175 0.000000 0.0000000000022419 0.000000 
8.250000 3.125000 16.296403 0.000996 0.000175 0.000003 0.0000000000020837 0.000000 
8.750000 3.125000 16.296465 0.000996 0.000175 0.000005 0.0000000000019820 0.000000 
9.250000 3.125000 16.296314 0.000996 0.000175 0.000000 0.0000000000017376 0.000000 
9.750000 3.125000 16.296314 0.000996 0.000175 0.000000 0.0000000000018632 0.000000 
10.250000 3.125000 16.296314 0.000996 0.000175 0.000000 0.0000000000014296 0.000000 
10.750000 3.125000 16.296314 0.000996 0.000175 0.000000 0.0000000000010699 0.000000 
11.250000 3.125000 16.296314 0.000996 0.000175 0.000000 0.0000000000011341 0.000000 
11.750000 3.125000 16.296314 0.000996 0.000175 0.000000 0.0000000000013270 0.000000 
12.250000 3.125000 16.296314 0.000996 0.000175 0.000000 0.0000000000013775 0.000000 
12.750000 3.125000 16.296314 0.000996 0.000175 0.000000 0.0000000000017397 0.000000 
13.250000 3.125000 16.296314 0.000996 0.000175 0.000000 0.0000000000018786 0.000000 
13.750000 3.125000 16.296314 0.000996 0.000175 0.000000 0.0000000000024605 0.000000 
14.250000 3.125000 16.296314 0.000996 0.000175 0.000000 0.0000000000043891 0.000000 
14.750000 3.125000 16.296314 0.000996 0.000175 0.000000 0.0000000000049180 0.000000 
15.250000 3.125000 16.296314 0.000996 0.000175 0.000000 0.0000000000037536 0.000000 
15.750000 3.125000 16.296314 0.000996 0.000175 0.000000 0.0000000000027850 0.000000 
16.250000 3.125000 16.296314 0.000996 0.000175 0.000000 0.0000000000018785 0.000000 
16.750000 3.125000 16.296314 0.000996 0.000175 0.000000 0.0000000000009623 0.000000 
17.250000 3.125000 16.296314 0.000996 0.000175 0.000000 0.0000000000008106 0.000000 
17.750000 3.125000 16.296314 0.000996 0.000175 0.000000 0.0000000000009633 0.000000 
18.250000 3.125000 16.296314 0.000996 0.000175 0.000000 0.0000000000010473 0.000000 
18.750000 3.125000 16.296314 0.000996 0.000175 0.000000 0.0000000000009545 0.000000 
19.250000 3.125000 16.296314 0.000996 0.000175 0.000000 0.0000000000009397 0.000000 
19.750000 3.125000 16.296314 0.000996 0.000175 0.000000 0.0000000000010167 0.000000 
20.250000 3.125000 16.296314 0.000996 0.000175 0.000000 0.0000000000009149 0.000000 
20.750000 3.125000 16.296314 0.000996 0.000175 0.000000 0.0000000000008262 0.000000 
21.250000 3.125000 16.296314 0.000996 0.000175 0.000000 0.0000000000006199 0.000000 
21.750000 3.125000 16.296314 0.000996 0.000175 0.000000 0.0000000000003551 0.000000 
0.250000 3.375000 16.296314 0.000996 0.000175 0.000000 0.0000000000017540 0.000000 
0.750000 3.375000 16.296314 0.000996 0.000175 0.000000 0.0000000000022761 0.000000 
1.250000 3.375000 16.296314 0.000996 0.000175 0.000000 0.0000000000028289 0.000000 
1.750000 3.375000 16.296314 0.000996 0.000175 0.000000 0.0000000000028380 0.000000 
2.250000 3.375000 16.296314 0.000996 0.000175 0.000000 0.0000000000030238 0.000000 
2.750000 3.375000 16.296314 0.000996 0.000175 0.000000 0.0000000000032754 0.000000 
3.250000 3.375000 16.296314 0.000996 0.000175 0.000000 0.0000000000022154 0.000000 
3.750000 3.375000 16.296314 0.000996 0.000175 0.000000 0.0000000000017200 0.000000 
4.250000 3.375000 16.296314 0.000996 0.000175 0.000000 0.0000000000021668 0.000000 
4.750000 3.375000 16.296314 0.000996 0.000175 0.000000 0.0000000000019242 0.000000 
5.250000 3.375000 16.296314 0.000996 0.000175 0.000000 0.0000000000028079 0.000000 
5.750000 3.375000 16.296314 0.000996 0.000175 0.000000 0.0000000000035063 0.000000 
6.250000 3.375000 16.296314 0.000996 0.000175 0.000000 0.0000000000030708 0.000000 
6.750000 3.375000 16.296314 0.000996 0.000175 0.000000 0.0000000000027702 0.000000 
7.250000 3.375000 16.296314 0.000996 0.000175 0.000000 0.0000000000035551 0.000000 
7.750000 3.375000 16.296314 0.000996 0.000175 0.000000 0.0000000000031684 0.000000 
8.250000 3.375000 16.296314 0.000996 0.000175 0.000000 0.0000000000022058 0.000000 
8.750000 3.375000 16.296314 0.000996 0.000175 0.000000 0.0000000000024158 0.000000 
9.250000 3.375000 16.296439 0.000996 0.000175 0.000004 0.0000000000030388 0.000000 
9.750000 3.375000 16.296314 0.000996 0.000175 0.000000 0.0000000000024488 0.000000 
10.250000 3.375000 16.296314 0.000996 0.000175 0.000000 0.0000000000016325 0.000000 
10.750000 3.375000 16.296314 0.000996 0.000175 0.000000 0.0000000000014086 0.000000 
11.250000 3.375000 16.296314 0.000996 0.000175 0.000000 0.0000000000012494 0.000000 
11.750000 3.375000 16.296314 0.000996 0.000175 0.000000 0.0000000000009952 0.000000 
12.250000 3.375000 16.296314 0.000996 0.000175 0.000000 0.0000000000010840 0.000000 
12.750000 3.375000 16.296314 0.000996 0.000175 0.000000 0.0000000000013755 0.000000 
13.250000 3.375000 16.296314 0.000996 0.000175 0.000000 0.0000000000014187 0.000000 
13.750000 3.375000 16.296314 0.000996 0.000175 0.000000 0.0000000000016628 0.000000 
14.250000 3.375000 16.296314 0.000996 0.000175 0.000000 0.0000000000018099 0.000000 
14.750000 3.375000 16.296314 0.000996 0.000175 0.000000 0.0000000000018504 0.000000 
15.250000 3.375000 16.296314 0.000996 0.000175 0.000000 0.0000000000020803 0.000000 
15.750000 3.375000 16.296314 0.000996 0.000175 0.000000 0.0000000000018672 0.000000 
16.250000 3.375000 16.296314 0.000996 0.000175 0.000000 0.0000000000017756 0.000000 
16.750000 3.375000 16.296314 0.000996 0.000175 0.000000 0.0000000000021612 0.000000 
17.250000 3.375000 16.296314 0.000996 0.000175 0.000000 0.0000000000017925 0.000000 
17.750000 3.375000 16.296314 0.000996 0.000175 0.000000 0.0000000000015716 0.000000 
18.250000 3.375000 16.296314 0.000996 0.000175 0.000000 0.0000000000010356 0.000000 
18.750000 3.375000 16.296314 0.000996 0.000175 0.000000 0.0000000000008492 0.000000 
19.250000 3.375000 16.296314 0.000996 0.000175 0.000000 0.0000000000008272 0.000000 
19.750000 3.375000 16.296314 0.000996 0.000175 0.000000 0.0000000000008875 0.000000 
20.250000 3.375000 16.296314 0.000996 0.000175 0.000000 0.0000000000007266 0.000000 
20.750000 3.375000 16.296314 0.000996 0.000175 0.000000 0.0000000000006946 0.000000 
21.250000 3.375000 16.296314 0.000996 0.000175 0.000000 0.0000000000007015 0.000000 
21.750000 3.375000 16.296314 0.000996 0.000175 0.000000 0.0000000000006730 0.000000 
0.250000 3.625000 16.296314 0.000996 0.000175 0.000000 0.0000000000024754 0.000000 
0.750000 3.625000 16.296314 0.000996 0.000175 0.000000 0.0000000000033170 0.000000 
1.250000 3.625000 16.296314 0.000996 0.000175 0.000000 0.0000000000033884 0.000000 
1.750000 3.625000 16.296314 0.000996 0.000175 0.000000 0.0000000000036439 0.000000 
2.250000 3.625000 16.296314 0.000996 0.000175 0.000000 0.0000000000022633 0.000000 
2.750000 3.625000 16.296314 0.000996 0.000175 0.000000 0.0000000000017947 0.000000 
3.250000 3.625000 16.296314 0.000996 0.000175 0.000000 0.0000000000016480 0.000000 
3.750000 3.625000 16.296314 0.000996 0.000175 0.000000 0.0000000000017325 0.000000 
4.250000 3.625000 16.296314 0.000996 0.000175 0.000000 0.0000000000015644 0.000000 
4.750000 3.625000 16.296314 0.000996 0.000175 0.000000 0.0000000000010470 0.000000 
5.250000 3.625000 16.296314 0.000996 0.000175 0.000000 0.0000000000012192 0.000000 
5.750000 3.625000 16.296314 0.000996 0.000175 0.000000 0.0000000000013214 0.000000 
6.250000 3.625000 16.296314 0.000996 0.000175 0.000000 0.0000000000020352 0.000000 
6.750000 3.625000 16.296314 0.000996 0.000175 0.000000 0.0000000000030017 0.000000 
7.250000 3.625000 16.296314 0.000996 0.000175 0.000000 0.0000000000035270 0.000000 
7.750000 3.625000 16.296542 0.000996 0.000175 0.000007 0.0000000000025193 0.000000 
8.250000 3.625000 16.296314 0.000996 0.000175 0.000000 0.0000000000019009 0.000000 
8.750000 3.625000 16.296314 0.000996 0.000175 0.000000 0.0000000000013970 0.000000 
9.250000 3.625000 16.296314 0.000996 0.000175 0.000000 0.0000000000016291 0.000000 
9.750000 3.625000 16.296314 0.000996 0.000175 0.000000 0.0000000000022945 0.000000 
10.250000 3.625000 16.296314 0.000996 0.000175 0.000000 0.0000000000017845 0.000000 
10.750000 3.625000 16.296314 0.000996 0.000175 0.000000 0.0000000000013538 0.000000 
11.250000 3.625000 16.296314 0.000996 0.000175 0.000000 0.0000000000010245 0.000000 
11.750000 3.625000 16.296314 0.000996 0.000175 0.000000 0.0000000000009981 0.000000 
12.250000 3.625000 16.296314 0.000996 0.000175 0.000000 0.0000000000009836 0.000000 
12.750000 3.625000 16.296314 0.000996 0.000175 0.000000 0.0000000000012193 0.000000 
13.250000 3.625000 16.296314 0.000996 0.000175 0.000000 0.0000000000015110 0.000000 
13.750000 3.625000 16.296314 0.000996 0.000175 0.000000 0.0000000000015376 0.000000 
14.250000 3.625000 16.296314 0.000996 0.000175 0.000000 0.0000000000010017 0.000000 
14.750000 3.625000 16.296314 0.000996 0.000175 0.000000 0.0000000000009140 0.000000 
15.250000 3.625000 16.296314 0.000996 0.000175 0.000000 0.0000000000012470 0.000000 
15.750000 3.625000 16.296314 0.000996 0.000175 0.000000 0.0000000000015156 0.000000 
16.250000 3.625000 16.296314 0.000996 0.000175 0.000000 0.0000000000021141 0.000000 
16.750000 3.625000 16.296314 0.000996 0.000175 0.000000 0.0000000000031345 0.000000 
17.250000 3.625000 16.296314 0.000996 0.000175 0.000000 0.0000000000019808 0.000000 
17.750000 3.625000 16.296314 0.000996 0.000175 0.000000 0.0000000000013760 0.000000 
18.250000 3.625000 16.296314 0.000996 0.000175 0.000000 0.0000000000011621 0.000000 
18.750000 3.625000 16.296314 0.000996 0.000175 0.000000 0.0000000000008229 0.000000 
19.250000 3.625000 16.296314 0.000996 0.000175 0.000000 0.0000000000007662 0.000000 
19.750000 3.625000 16.296314 0.000996 0.000175 0.000000 0.0000000000009052 0.000000 
20.250000 3.625000 16.296314 0.000996 0.000175 0.000000 0.0000000000014006 0.000000 
20.750000 3.625000 16.296314 0.000996 0.000175 0.000000 0.0000000000016806 0.000000 
21.250000 3.625000 16.296314 0.000996 0.000175 0.000000 0.0000000000018199 0.000000 
21.750000 3.625000 16.296314 0.000996 0.000175 0.000000 0.0000000000017876 0.000000 
0.250000 3.875000 16.296314 0.000996 0.000175 0.000000 0.0000000000030594 0.000000 
0.750000 3.875000 16.296314 0.000996 0.000175 0.000000 0.0000000000037951 0.000000 
1.250000 3.875000 16.296314 0.000996 0.000175 0.000000 0.0000000000043022 0.000000 
1.750000 3.875000 16.296314 0.000996 0.000175 0.000000 0.0000000000029738 0.000000 
2.250000 3.875000 16.296314 0.000996 0.000175 0.000000 0.0000000000021954 0.000000 
2.750000 3.875000 16.296314 0.000996 0.000175 0.000000 0.0000000000025826 0.000000 
3.250000 3.875000 16.296314 0.000996 0.000175 0.000000 0.0000000000031218 0.000000 
3.750000 3.875000 16.296314 0.000996 0.000175 0.000000 0.0000000000035792 0.000000 
4.250000 3.875000 16.296314 0.000996 0.000175 0.000000 0.0000000000041400 0.000000 
4.750000 3.875000 16.296314 0.000996 0.000175 0.000000 0.0000000000038292 0.000000 
5.250000 3.875000 16.296314 0.000996 0.000175 0.000000 0.0000000000041628 0.000000 
5.750000 3.875000 16.296314 0.000996 0.000175 0.000000 0.0000000000043947 0.000000 
6.250000 3.875000 16.296314 0.000996 0.000175 0.000000 0.0000000000045988 0.000000 
6.750000 3.875000 16.296314 0.000996 0.000175 0.000000 0.0000000000052601 0.000000 
7.250000 3.875000 16.296314 0.000996 0.000175 0.000000 0.0000000000046660 0.000000 
7.750000 3.875000 16.296531 0.000996 0.000175 0.000007 0.0000000000037709 0.000000 
8.250000 3.875000 16.296314 0.000996 0.000175 0.000000 0.0000000000042141 0.000000 
8.750000 3.875000 16.296322 0.000996 0.000175 0.000000 0.0000000000041357 0.000000 
9.250000 3.875000 16.296314 0.000996 0.000175 0.000000 0.0000000000032300 0.000000 
9.750000 3.875000 16.296379 0.000996 0.000175 0.000002 0.0000000000027820 0.000000 
10.250000 3.875000 16.296369 0.000996 0.000175 0.000002 0.0000000000037984 0.000000 
10.750000 3.875000 16.296314 0.000996 0.000175 0.000000 0.0000000000040155 0.000000 
11.250000 3.875000 16.296314 0.000996 0.000175 0.000000 0.0000000000023223 0.000000 
11.750000 3.875000 16.296314 0.000996 0.000175 0.000000 0.0000000000017564 0.000000 
12.250000 3.875000 16.296314 0.000996 0.000175 0.000000 0.0000000000022354 0.000000 
12.750000 3.875000 16.296314 0.000996 0.000175 0.000000 0.0000000000030712 0.000000 
13.250000 3.875000 16.296314 0.000996 0.000175 0.000000 0.0000000000034314 0.000000 
13.750000 3.875000 16.296314 0.000996 0.000175 0.000000 0.0000000000031831 0.000000 
14.250000 3.875000 16.296314 0.000996 0.000175 0.000000 0.0000000000027169 0.000000 
14.750000 3.875000 16.296314 0.000996 0.000175 0.000000 0.0000000000023699 0.000000 
15.250000 3.875000 16.296314 0.000996 0.000175 0.000000 0.0000000000026404 0.000000 
15.750000 3.875000 16.296314 0.000996 0.000175 0.000000 0.0000000000030392 0.000000 
16.250000 3.875000 16.296314 0.000996 0.000175 0.000000 0.0000000000028743 0.000000 
16.750000 3.875000 16.296314 0.000996 0.000175 0.000000 0.0000000000032367 0.000000 
17.250000 3.875000 16.296314 0.000996 0.000175 0.000000 0.0000000000028942 0.000000 
17.750000 3.875000 16.296314 0.000996 0.000175 0.000000 0.0000000000024682 0.000000 
18.250000 3.875000 16.296314 0.000996 0.000175 0.000000 0.0000000000023525 0.000000 
18.750000 3.875000 16.296314 0.000996 0.000175 0.000000 0.0000000000030368 0.000000 
19.250000 3.875000 16.296314 0.000996 0.000175 0.000000 0.0000000000022780 0.000000 
19.750000 3.875000 16.296314 0.000996 0.000175 0.000000 0.0000000000016872 0.000000 
20.250000 3.875000 16.296314 0.000996 0.000175 0.000000 0.0000000000014277 0.000000 
20.750000 3.875000 16.296314 0.000996 0.000175 0.000000 0.0000000000012374 0.000000 
21.250000 3.875000 16.296314 0.000996 0.000175 0.000000 0.0000000000015883 0.000000 
21.750000 3.875000 16.296314 0.000996 0.000175 0.000000 0.0000000000022405 0.000000 
0.250000 4.125000 16.296314 0.000996 0.000175 0.000000 0.0000000000000100 0.000000 
0.750000 4.125000 16.296314 0.000996 0.000175 0.000000 0.0000000000000100 0.000000 
1.250000 4.125000 16.296314 0.000996 0.000175 0.000000 0.0000000000000100 0.000000 
1.750000 4.125000 16.296314 0.000996 0.000175 0.000000 0.0000000000000100 0.000000 
2.250000 4.125000 16.296314 0.000996 0.000175 0.000000 0.0000000000000100 0.000000 
2.750000 4.125000 16.296314 0.000996 0.000175 0.000000 0.0000000000000100 0.000000 
3.250000 4.125000 16.296314 0.000996 0.000175 0.000000 0.0000000000000100 0.000000 
3.750000 4.125000 16.296314 0.000996 0.000175 0.000000 0.0000000000000100 0.000000 
4.250000 4.125000 16.296314 0.000996 0.000175 0.000000 0.0000000000000100 0.000000 
4.750000 4.125000 16.296314 0.000996 0.000175 0.000000 0.0000000000000100 0.000000 
5.250000 4.125000 16.296314 0.000996 0.000175 0.000000 0.0000000000000100 0.000000 
5.750000 4.125000 16.296314 0.000996 0.000175 0.000000 0.0000000000000100 0.000000 
6.250000 4.125000 16.296314 0.000996 0.000175 0.000000 0.0000000000000100 0.000000 
6.750000 4.125000 16.296314 0.000996 0.000175 0.000000 0.0000000000000100 0.000000 
7.250000 4.125000 16.296314 0.000996 0.000175 0.000000 0.0000000000000100 0.000000 
7.750000 4.125000 16.296314 0.000996 0.000175 0.000000 0.0000000000000100 0.000000 
8.250000 4.125000 16.296314 0.000996 0.000175 0.000000 0.0000000000000100 0.000000 
8.750000 4.125000 16.296314 0.000996 0.000175 0.000000 0.0000000000000100 0.000000 
9.250000 4.125000 16.296314 0.000996 0.000175 0.000000 0.0000000000000100 0.000000 
9.750000 4.125000 16.296314 0.000996 0.000175 0.000000 0.0000000000000100 0.000000 
10.250000 4.125000 16.296314 0.000996 0.000175 0.000000 0.0000000000000100 0.000000 
10.750000 4.125000 16.296314 0.000996 0.000175 0.000000 0.0000000000000100 0.000000 
11.250000 4.125000 16.296314 0.000996 0.000175 0.000000 0.0000000000000100 0.000000 
11.750000 4.125000 16.296314 0.000996 0.000175 0.000000 0.0000000000000100 0.000000 
12.250000 4.125000 16.296314 0.000996 0.000175 0.000000 0.0000000000000100 0.000000 
12.750000 4.125000 16.296314 0.000996 0.000175 0.000000 0.0000000000000100 0.000000 
13.250000 4.125000 16.296314 0.000996 0.000175 0.000000 0.0000000000000100 0.000000 
13.750000 4.125000 16.296314 0.000996 0.000175 0.000000 0.0000000000000100 0.000000 
14.250000 4.125000 16.296314 0.000996 0.000175 0.000000 0.0000000000000100 0.000000 
14.750000 4.125000 16.296314 0.000996 0.000175 0.000000 0.0000000000000100 0.000000 
15.250000 4.125000 16.296314 0.000996 0.000175 0.000000 0.0000000000000100 0.000000 
15.750000 4.125000 16.296314 0.000996 0.000175 0.000000 0.0000000000000100 0.000000 
16.250000 4.125000 16.296314 0.000996 0.000175 0.000000 0.0000000000000100 0.000000 
16.750000 4.125000 16.296314 0.000996 0.000175 0.000000 0.0000000000000100 0.000000 
17.250000 4.125000 16.296314 0.000996 0.000175 0.000000 0.0000000000000100 0.000000 
17.750000 4.125000 16.296314 0.000996 0.000175 0.000000 0.0000000000000100 0.000000 
18.250000 4.125000 16.296314 0.000996 0.000175 0.000000 0.0000000000000100 0.000000 
18.750000 4.125000 16.296314 0.000996 0.000175 0.000000 0.0000000000000100 0.000000 
19.250000 4.125000 16.296314 0.000996 0.000175 0.000000 0.0000000000000100 0.000000 
19.750000 4.125000 16.296314 0.000996 0.000175 0.000000 0.0000000000000100 0.000000 
20.250000 4.125000 16.296314 0.000996 0.000175 0.000000 0.0000000000000100 0.000000 
20.750000 4.125000 16.296314 0.000996 0.000175 0.000000 0.0000000000000100 0.000000 
21.250000 4.125000 16.296314 0.000996 0.000175 0.000000 0.0000000000000100 0.000000 
21.750000 4.125000 16.296314 0.000996 0.000175 0.000000 0.0000000000000100 0.000000 
0.250000 4.375000 16.296314 0.000996 0.000175 0.000000 0.0000000000000100 0.000000 
0.750000 4.375000 16.296314 0.000996 0.000175 0.000000 0.0000000000000100 0.000000 
1.250000 4.375000 16.296314 0.000996 0.000175 0.000000 0.0000000000000100 0.000000 
1.750000 4.375000 16.296314 0.000996 0.000175 0.000000 0.0000000000000100 0.000000 
2.250000 4.375000 16.296314 0.000996 0.000175 0.000000 0.0000000000000100 0.000000 
2.750000 4.375000 16.296314 0.000996 0.000175 0.000000 0.0000000000000100 0.000000 
3.250000 4.375000 16.296314 0.000996 0.000175 0.000000 0.0000000000000100 0.000000 
3.750000 4.375000 16.296314 0.000996 0.000175 0.000000 0.0000000000000100 0.000000 
4.250000 4.375000 16.296314 0.000996 0.000175 0.000000 0.0000000000000100 0.000000 
4.750000 4.375000 16.296314 0.000996 0.000175 0.000000 0.0000000000000100 0.000000 
5.250000 4.375000 16.296314 0.000996 0.000175 0.000000 0.0000000000000100 0.000000 
5.750000 4.375000 16.296314 0.000996 0.000175 0.000000 0.0000000000000100 0.000000 
6.250000 4.375000 16.296314 0.000996 0.000175 0.000000 0.0000000000000100 0.000000 
6.750000 4.375000 16.296314 0.000996 0.000175 0.000000 0.0000000000000100 0.000000 
7.250000 4.375000 16.296314 0.000996 0.000175 0.000000 0.0000000000000100 0.000000 
7.750000 4.375000 16.296314 0.000996 0.000175 0.000000 0.0000000000000100 0.000000 
8.250000 4.375000 16.296314 0.000996 0.000175 0.000000 0.0000000000000100 0.000000 
8.750000 4.375000 16.296314 0.000996 0.000175 0.000000 0.0000000000000100 0.000000 
9.250000 4.375000 16.296314 0.000996 0.000175 0.000000 0.0000000000000100 0.000000 
9.750000 4.375000 16.296314 0.000996 0.000175 0.000000 0.0000000000000100 0.000000 
10.250000 4.375000 16.296314 0.000996 0.000175 0.000000 0.0000000000000100 0.000000 
10.750000 4.375000 16.296314 0.000996 0.000175 0.000000 0.0000000000000100 0.000000 
11.250000 4.375000 16.296314 0.000996 0.000175 0.000000 0.0000000000000100 0.000000 
11.750000 4.375000 16.296314 0.000996 0.000175 0.000000 0.0000000000000100 0.000000 
12.250000 4.375000 16.296314 0.000996 0.000175 0.000000 0.0000000000000100 0.000000 
12.750000 4.375000 16.296314 0.000996 0.000175 0.000000 0.0000000000000100 0.000000 
13.250000 4.375000 16.296314 0.000996 0.000175 0.000000 0.0000000000000100 0.000000 
13.750000 4.375000 16.296314 0.000996 0.000175 0.000000 0.0000000000000100 0.000000 
14.250000 4.375000 16.296314 0.000996 0.000175 0.000000 0.0000000000000100 0.000000 
14.750000 4.375000 16.296314 0.000996 0.000175 0.000000 0.0000000000000100 0.000000 
15.250000 4.375000 16.296314 0.000996 0.000175 0.000000 0.0000000000000100 0.000000 
15.750000 4.375000 16.296314 0.000996 0.000175 0.000000 0.0000000000000100 0.000000 
16.250000 4.375000 16.296314 0.000996 0.000175 0.000000 0.0000000000000100 0.000000 
16.750000 4.375000 16.296314 0.000996 0.000175 0.000000 0.0000000000000100 0.000000 
17.250000 4.375000 16.296314 0.000996 0.000175 0.000000 0.0000000000000100 0.000000 
17.750000 4.375000 16.296314 0.000996 0.000175 0.000000 0.0000000000000100 0.000000 
18.250000 4.375000 16.296314 0.000996 0.000175 0.000000 0.0000000000000100 0.000000 
18.750000 4.375000 16.296314 0.000996 0.000175 0.000000 0.0000000000000100 0.000000 
19.250000 4.375000 16.296314 0.000996 0.000175 0.000000 0.0000000000000100 0.000000 
19.750000 4.375000 16.296314 0.000996 0.000175 0.000000 0.0000000000000100 0.000000 
20.250000 4.375000 16.296314 0.000996 0.000175 0.000000 0.0000000000000100 0.000000 
20.750000 4.375000 16.296314 0.000996 0.000175 0.000000 0.0000000000000100 0.000000 
21.250000 4.375000 16.296314 0.000996 0.000175 0.000000 0.0000000000000100 0.000000 
21.750000 4.375000 16.296314 0.000996 0.000175 0.000000 0.0000000000000100 0.000000 
